[[194 191 192 ... 111 104 119]
 [192 191 190 ... 104 109 129]
 [190 189 190 ... 112 116 134]
 ...
 [125 108 102 ...  86  75  71]
 [ 93  76  68 ... 118 105 103]
 [ 71  59  56 ... 136 131 137]]
[[[0.67282126 0.67282126 0.67282126]
  [0.6692438  0.6692438  0.6692438 ]
  [0.67046504 0.67046504 0.67046504]
  ...
  [0.40605333 0.40605333 0.40605333]
  [0.39571467 0.39571467 0.39571467]
  [0.41750607 0.41750607 0.41750607]]

 [[0.67043629 0.67043629 0.67043629]
  [0.6692438  0.6692438  0.6692438 ]
  [0.66808103 0.66808103 0.66808103]
  ...
  [0.39588758 0.39588758 0.39588758]
  [0.40299378 0.40299378 0.40299378]
  [0.43208148 0.43208148 0.43208148]]

 [[0.66786932 0.66786932 0.66786932]
  [0.66668498 0.66668498 0.66668498]
  [0.66790003 0.66790003 0.66790003]
  ...
  [0.40757713 0.40757713 0.40757713]
  [0.41327203 0.41327203 0.41327203]
  [0.43952521 0.43952521 0.43952521]]

 ...

 [[0.30250182 0.30250182 0.30250182]
  [0.29132067 0.29132067 0.29132067]
  [0.28739791 0.28739791 0.28739791]
  ...
  [0.22532638 0.22532638 0.22532638]
  [0.21687534 0.21687534 0.21687534]
  [0.2138135  0.2138135  0.2138135 ]]

 [[0.2808875  0.2808875  0.2808875 ]
  [0.26962104 0.26962104 0.26962104]
  [0.26434898 0.26434898 0.26434898]
  ...
  [0.25024978 0.25024978 0.25024978]
  [0.23996175 0.23996175 0.23996175]
  [0.23829801 0.23829801 0.23829801]]

 [[0.26594176 0.26594176 0.26594176]
  [0.25794733 0.25794733 0.25794733]
  [0.25598284 0.25598284 0.25598284]
  ...
  [0.26473392 0.26473392 0.26473392]
  [0.26043366 0.26043366 0.26043366]
  [0.26486454 0.26486454 0.26486454]]]
[[[196 194 195]
  [194 191 194]
  [194 192 194]
  ...
  [112 111 112]
  [104 104 104]
  [121 119 120]]

 [[195 193 192]
  [192 191 191]
  [192 190 193]
  ...
  [104 104 104]
  [110 109 109]
  [129 129 129]]

 [[195 194 190]
  [193 192 189]
  [192 190 191]
  ...
  [112 113 112]
  [119 119 116]
  [136 134 134]]

 ...

 [[128 129 125]
  [110 111 108]
  [105 106 102]
  ...
  [ 96  91  86]
  [ 83  78  75]
  [ 77  76  71]]

 [[ 97  97  93]
  [ 76  77  76]
  [ 71  73  68]
  ...
  [121 120 118]
  [109 108 105]
  [108 107 103]]

 [[ 73  72  71]
  [ 59  60  59]
  [ 56  56  56]
  ...
  [140 142 136]
  [134 136 131]
  [138 139 137]]]
[[[0.67282126 0.67282126 0.67282126]
  [0.6692438  0.6692438  0.6692438 ]
  [0.67046504 0.67046504 0.67046504]
  ...
  [0.40605333 0.40605333 0.40605333]
  [0.39571467 0.39571467 0.39571467]
  [0.41750607 0.41750607 0.41750607]]

 [[0.67043629 0.67043629 0.67043629]
  [0.6692438  0.6692438  0.6692438 ]
  [0.66808103 0.66808103 0.66808103]
  ...
  [0.39588758 0.39588758 0.39588758]
  [0.40299378 0.40299378 0.40299378]
  [0.43208148 0.43208148 0.43208148]]

 [[0.66786932 0.66786932 0.66786932]
  [0.66668498 0.66668498 0.66668498]
  [0.66790003 0.66790003 0.66790003]
  ...
  [0.40757713 0.40757713 0.40757713]
  [0.41327203 0.41327203 0.41327203]
  [0.43952521 0.43952521 0.43952521]]

 ...

 [[0.30250182 0.30250182 0.30250182]
  [0.29132067 0.29132067 0.29132067]
  [0.28739791 0.28739791 0.28739791]
  ...
  [0.22532638 0.22532638 0.22532638]
  [0.21687534 0.21687534 0.21687534]
  [0.2138135  0.2138135  0.2138135 ]]

 [[0.2808875  0.2808875  0.2808875 ]
  [0.26962104 0.26962104 0.26962104]
  [0.26434898 0.26434898 0.26434898]
  ...
  [0.25024978 0.25024978 0.25024978]
  [0.23996175 0.23996175 0.23996175]
  [0.23829801 0.23829801 0.23829801]]

 [[0.26594176 0.26594176 0.26594176]
  [0.25794733 0.25794733 0.25794733]
  [0.25598284 0.25598284 0.25598284]
  ...
  [0.26473392 0.26473392 0.26473392]
  [0.26043366 0.26043366 0.26043366]
  [0.26486454 0.26486454 0.26486454]]]
[[[196 194 195]
  [194 191 194]
  [194 192 194]
  ...
  [112 111 112]
  [104 104 104]
  [121 119 120]]

 [[195 193 192]
  [192 191 191]
  [192 190 193]
  ...
  [104 104 104]
  [110 109 109]
  [129 129 129]]

 [[195 194 190]
  [193 192 189]
  [192 190 191]
  ...
  [112 113 112]
  [119 119 116]
  [136 134 134]]

 ...

 [[128 129 125]
  [110 111 108]
  [105 106 102]
  ...
  [ 96  91  86]
  [ 83  78  75]
  [ 77  76  71]]

 [[ 97  97  93]
  [ 76  77  76]
  [ 71  73  68]
  ...
  [121 120 118]
  [109 108 105]
  [108 107 103]]

 [[ 73  72  71]
  [ 59  60  59]
  [ 56  56  56]
  ...
  [140 142 136]
  [134 136 131]
  [138 139 137]]]

this is dc
[[[194 194 194]
  [191 191 191]
  [192 192 192]
  ...
  [111 111 111]
  [104 104 104]
  [119 119 119]]

 [[192 192 192]
  [191 191 191]
  [190 190 190]
  ...
  [104 104 104]
  [109 109 109]
  [129 129 129]]

 [[190 190 190]
  [189 189 189]
  [190 190 190]
  ...
  [112 112 112]
  [116 116 116]
  [134 134 134]]

 ...

 [[125 125 125]
  [108 108 108]
  [102 102 102]
  ...
  [ 86  86  86]
  [ 75  75  75]
  [ 71  71  71]]

 [[ 93  93  93]
  [ 76  76  76]
  [ 68  68  68]
  ...
  [118 118 118]
  [105 105 105]
  [103 103 103]]

 [[ 71  71  71]
  [ 59  59  59]
  [ 56  56  56]
  ...
  [136 136 136]
  [131 131 131]
  [137 137 137]]]
[[[0.67282126 0.67282126 0.67282126]
  [0.6692438  0.6692438  0.6692438 ]
  [0.67046504 0.67046504 0.67046504]
  ...
  [0.40605333 0.40605333 0.40605333]
  [0.39571467 0.39571467 0.39571467]
  [0.41750607 0.41750607 0.41750607]]

 [[0.67043629 0.67043629 0.67043629]
  [0.6692438  0.6692438  0.6692438 ]
  [0.66808103 0.66808103 0.66808103]
  ...
  [0.39588758 0.39588758 0.39588758]
  [0.40299378 0.40299378 0.40299378]
  [0.43208148 0.43208148 0.43208148]]

 [[0.66786932 0.66786932 0.66786932]
  [0.66668498 0.66668498 0.66668498]
  [0.66790003 0.66790003 0.66790003]
  ...
  [0.40757713 0.40757713 0.40757713]
  [0.41327203 0.41327203 0.41327203]
  [0.43952521 0.43952521 0.43952521]]

 ...

 [[0.30250182 0.30250182 0.30250182]
  [0.29132067 0.29132067 0.29132067]
  [0.28739791 0.28739791 0.28739791]
  ...
  [0.22532638 0.22532638 0.22532638]
  [0.21687534 0.21687534 0.21687534]
  [0.2138135  0.2138135  0.2138135 ]]

 [[0.2808875  0.2808875  0.2808875 ]
  [0.26962104 0.26962104 0.26962104]
  [0.26434898 0.26434898 0.26434898]
  ...
  [0.25024978 0.25024978 0.25024978]
  [0.23996175 0.23996175 0.23996175]
  [0.23829801 0.23829801 0.23829801]]

 [[0.26594176 0.26594176 0.26594176]
  [0.25794733 0.25794733 0.25794733]
  [0.25598284 0.25598284 0.25598284]
  ...
  [0.26473392 0.26473392 0.26473392]
  [0.26043366 0.26043366 0.26043366]
  [0.26486454 0.26486454 0.26486454]]]
[[[196 194 195]
  [194 191 194]
  [194 192 194]
  ...
  [112 111 112]
  [104 104 104]
  [121 119 120]]

 [[195 193 192]
  [192 191 191]
  [192 190 193]
  ...
  [104 104 104]
  [110 109 109]
  [129 129 129]]

 [[195 194 190]
  [193 192 189]
  [192 190 191]
  ...
  [112 113 112]
  [119 119 116]
  [136 134 134]]

 ...

 [[128 129 125]
  [110 111 108]
  [105 106 102]
  ...
  [ 96  91  86]
  [ 83  78  75]
  [ 77  76  71]]

 [[ 97  97  93]
  [ 76  77  76]
  [ 71  73  68]
  ...
  [121 120 118]
  [109 108 105]
  [108 107 103]]

 [[ 73  72  71]
  [ 59  60  59]
  [ 56  56  56]
  ...
  [140 142 136]
  [134 136 131]
  [138 139 137]]]

this is dc
[[[194 194 194]
  [191 191 191]
  [192 192 192]
  ...
  [111 111 111]
  [104 104 104]
  [119 119 119]]

 [[192 192 192]
  [191 191 191]
  [190 190 190]
  ...
  [104 104 104]
  [109 109 109]
  [129 129 129]]

 [[190 190 190]
  [189 189 189]
  [190 190 190]
  ...
  [112 112 112]
  [116 116 116]
  [134 134 134]]

 ...

 [[125 125 125]
  [108 108 108]
  [102 102 102]
  ...
  [ 86  86  86]
  [ 75  75  75]
  [ 71  71  71]]

 [[ 93  93  93]
  [ 76  76  76]
  [ 68  68  68]
  ...
  [118 118 118]
  [105 105 105]
  [103 103 103]]

 [[ 71  71  71]
  [ 59  59  59]
  [ 56  56  56]
  ...
  [136 136 136]
  [131 131 131]
  [137 137 137]]]
[[[196 194 195]
  [194 191 194]
  [194 192 194]
  ...
  [112 111 112]
  [104 104 104]
  [121 119 120]]

 [[195 193 192]
  [192 191 191]
  [192 190 193]
  ...
  [104 104 104]
  [110 109 109]
  [129 129 129]]

 [[195 194 190]
  [193 192 189]
  [192 190 191]
  ...
  [112 113 112]
  [119 119 116]
  [136 134 134]]

 ...

 [[128 129 125]
  [110 111 108]
  [105 106 102]
  ...
  [ 96  91  86]
  [ 83  78  75]
  [ 77  76  71]]

 [[ 97  97  93]
  [ 76  77  76]
  [ 71  73  68]
  ...
  [121 120 118]
  [109 108 105]
  [108 107 103]]

 [[ 73  72  71]
  [ 59  60  59]
  [ 56  56  56]
  ...
  [140 142 136]
  [134 136 131]
  [138 139 137]]]

this is dc
[[[194 194 194]
  [191 191 191]
  [192 192 192]
  ...
  [111 111 111]
  [104 104 104]
  [119 119 119]]

 [[192 192 192]
  [191 191 191]
  [190 190 190]
  ...
  [104 104 104]
  [109 109 109]
  [129 129 129]]

 [[190 190 190]
  [189 189 189]
  [190 190 190]
  ...
  [112 112 112]
  [116 116 116]
  [134 134 134]]

 ...

 [[125 125 125]
  [108 108 108]
  [102 102 102]
  ...
  [ 86  86  86]
  [ 75  75  75]
  [ 71  71  71]]

 [[ 93  93  93]
  [ 76  76  76]
  [ 68  68  68]
  ...
  [118 118 118]
  [105 105 105]
  [103 103 103]]

 [[ 71  71  71]
  [ 59  59  59]
  [ 56  56  56]
  ...
  [136 136 136]
  [131 131 131]
  [137 137 137]]]
[[[0.67282126 0.67282126 0.67282126]
  [0.6692438  0.6692438  0.6692438 ]
  [0.67046504 0.67046504 0.67046504]
  ...
  [0.40605333 0.40605333 0.40605333]
  [0.39571467 0.39571467 0.39571467]
  [0.41750607 0.41750607 0.41750607]]

 [[0.67043629 0.67043629 0.67043629]
  [0.6692438  0.6692438  0.6692438 ]
  [0.66808103 0.66808103 0.66808103]
  ...
  [0.39588758 0.39588758 0.39588758]
  [0.40299378 0.40299378 0.40299378]
  [0.43208148 0.43208148 0.43208148]]

 [[0.66786932 0.66786932 0.66786932]
  [0.66668498 0.66668498 0.66668498]
  [0.66790003 0.66790003 0.66790003]
  ...
  [0.40757713 0.40757713 0.40757713]
  [0.41327203 0.41327203 0.41327203]
  [0.43952521 0.43952521 0.43952521]]

 ...

 [[0.30250182 0.30250182 0.30250182]
  [0.29132067 0.29132067 0.29132067]
  [0.28739791 0.28739791 0.28739791]
  ...
  [0.22532638 0.22532638 0.22532638]
  [0.21687534 0.21687534 0.21687534]
  [0.2138135  0.2138135  0.2138135 ]]

 [[0.2808875  0.2808875  0.2808875 ]
  [0.26962104 0.26962104 0.26962104]
  [0.26434898 0.26434898 0.26434898]
  ...
  [0.25024978 0.25024978 0.25024978]
  [0.23996175 0.23996175 0.23996175]
  [0.23829801 0.23829801 0.23829801]]

 [[0.26594176 0.26594176 0.26594176]
  [0.25794733 0.25794733 0.25794733]
  [0.25598284 0.25598284 0.25598284]
  ...
  [0.26473392 0.26473392 0.26473392]
  [0.26043366 0.26043366 0.26043366]
  [0.26486454 0.26486454 0.26486454]]]
[[[196 194 195]
  [194 191 194]
  [194 192 194]
  ...
  [112 111 112]
  [104 104 104]
  [121 119 120]]

 [[195 193 192]
  [192 191 191]
  [192 190 193]
  ...
  [104 104 104]
  [110 109 109]
  [129 129 129]]

 [[195 194 190]
  [193 192 189]
  [192 190 191]
  ...
  [112 113 112]
  [119 119 116]
  [136 134 134]]

 ...

 [[128 129 125]
  [110 111 108]
  [105 106 102]
  ...
  [ 96  91  86]
  [ 83  78  75]
  [ 77  76  71]]

 [[ 97  97  93]
  [ 76  77  76]
  [ 71  73  68]
  ...
  [121 120 118]
  [109 108 105]
  [108 107 103]]

 [[ 73  72  71]
  [ 59  60  59]
  [ 56  56  56]
  ...
  [140 142 136]
  [134 136 131]
  [138 139 137]]]
[[[0.6391802  0.6391802  0.6391802 ]
  [0.63578161 0.63578161 0.63578161]
  [0.63694179 0.63694179 0.63694179]
  ...
  [0.38575066 0.38575066 0.38575066]
  [0.37592894 0.37592894 0.37592894]
  [0.39663076 0.39663076 0.39663076]]

 [[0.63691447 0.63691447 0.63691447]
  [0.63578161 0.63578161 0.63578161]
  [0.63467698 0.63467698 0.63467698]
  ...
  [0.3760932  0.3760932  0.3760932 ]
  [0.38284409 0.38284409 0.38284409]
  [0.41047741 0.41047741 0.41047741]]

 [[0.63447586 0.63447586 0.63447586]
  [0.63335073 0.63335073 0.63335073]
  [0.63450503 0.63450503 0.63450503]
  ...
  [0.38719827 0.38719827 0.38719827]
  [0.39260843 0.39260843 0.39260843]
  [0.41754895 0.41754895 0.41754895]]

 ...

 [[0.28737673 0.28737673 0.28737673]
  [0.27675464 0.27675464 0.27675464]
  [0.27302802 0.27302802 0.27302802]
  ...
  [0.21406006 0.21406006 0.21406006]
  [0.20603157 0.20603157 0.20603157]
  [0.20312283 0.20312283 0.20312283]]

 [[0.26684313 0.26684313 0.26684313]
  [0.25613999 0.25613999 0.25613999]
  [0.25113153 0.25113153 0.25113153]
  ...
  [0.23773729 0.23773729 0.23773729]
  [0.22796366 0.22796366 0.22796366]
  [0.22638311 0.22638311 0.22638311]]

 [[0.25264468 0.25264468 0.25264468]
  [0.24504996 0.24504996 0.24504996]
  [0.2431837  0.2431837  0.2431837 ]
  ...
  [0.25149723 0.25149723 0.25149723]
  [0.24741197 0.24741197 0.24741197]
  [0.25162131 0.25162131 0.25162131]]]
[[[196 194 195]
  [194 191 194]
  [194 192 194]
  ...
  [112 111 112]
  [104 104 104]
  [121 119 120]]

 [[195 193 192]
  [192 191 191]
  [192 190 193]
  ...
  [104 104 104]
  [110 109 109]
  [129 129 129]]

 [[195 194 190]
  [193 192 189]
  [192 190 191]
  ...
  [112 113 112]
  [119 119 116]
  [136 134 134]]

 ...

 [[128 129 125]
  [110 111 108]
  [105 106 102]
  ...
  [ 96  91  86]
  [ 83  78  75]
  [ 77  76  71]]

 [[ 97  97  93]
  [ 76  77  76]
  [ 71  73  68]
  ...
  [121 120 118]
  [109 108 105]
  [108 107 103]]

 [[ 73  72  71]
  [ 59  60  59]
  [ 56  56  56]
  ...
  [140 142 136]
  [134 136 131]
  [138 139 137]]]
[[[0.6391802  0.6391802  0.6391802 ]
  [0.63578161 0.63578161 0.63578161]
  [0.63694179 0.63694179 0.63694179]
  ...
  [0.38575066 0.38575066 0.38575066]
  [0.37592894 0.37592894 0.37592894]
  [0.39663076 0.39663076 0.39663076]]

 [[0.63691447 0.63691447 0.63691447]
  [0.63578161 0.63578161 0.63578161]
  [0.63467698 0.63467698 0.63467698]
  ...
  [0.3760932  0.3760932  0.3760932 ]
  [0.38284409 0.38284409 0.38284409]
  [0.41047741 0.41047741 0.41047741]]

 [[0.63447586 0.63447586 0.63447586]
  [0.63335073 0.63335073 0.63335073]
  [0.63450503 0.63450503 0.63450503]
  ...
  [0.38719827 0.38719827 0.38719827]
  [0.39260843 0.39260843 0.39260843]
  [0.41754895 0.41754895 0.41754895]]

 ...

 [[0.28737673 0.28737673 0.28737673]
  [0.27675464 0.27675464 0.27675464]
  [0.27302802 0.27302802 0.27302802]
  ...
  [0.21406006 0.21406006 0.21406006]
  [0.20603157 0.20603157 0.20603157]
  [0.20312283 0.20312283 0.20312283]]

 [[0.26684313 0.26684313 0.26684313]
  [0.25613999 0.25613999 0.25613999]
  [0.25113153 0.25113153 0.25113153]
  ...
  [0.23773729 0.23773729 0.23773729]
  [0.22796366 0.22796366 0.22796366]
  [0.22638311 0.22638311 0.22638311]]

 [[0.25264468 0.25264468 0.25264468]
  [0.24504996 0.24504996 0.24504996]
  [0.2431837  0.2431837  0.2431837 ]
  ...
  [0.25149723 0.25149723 0.25149723]
  [0.24741197 0.24741197 0.24741197]
  [0.25162131 0.25162131 0.25162131]]]
[[[196 194 195]
  [194 191 194]
  [194 192 194]
  ...
  [112 111 112]
  [104 104 104]
  [121 119 120]]

 [[195 193 192]
  [192 191 191]
  [192 190 193]
  ...
  [104 104 104]
  [110 109 109]
  [129 129 129]]

 [[195 194 190]
  [193 192 189]
  [192 190 191]
  ...
  [112 113 112]
  [119 119 116]
  [136 134 134]]

 ...

 [[128 129 125]
  [110 111 108]
  [105 106 102]
  ...
  [ 96  91  86]
  [ 83  78  75]
  [ 77  76  71]]

 [[ 97  97  93]
  [ 76  77  76]
  [ 71  73  68]
  ...
  [121 120 118]
  [109 108 105]
  [108 107 103]]

 [[ 73  72  71]
  [ 59  60  59]
  [ 56  56  56]
  ...
  [140 142 136]
  [134 136 131]
  [138 139 137]]]
[[[0.67282126 0.67282126 0.67282126]
  [0.6692438  0.6692438  0.6692438 ]
  [0.67046504 0.67046504 0.67046504]
  ...
  [0.40605333 0.40605333 0.40605333]
  [0.39571467 0.39571467 0.39571467]
  [0.41750607 0.41750607 0.41750607]]

 [[0.67043629 0.67043629 0.67043629]
  [0.6692438  0.6692438  0.6692438 ]
  [0.66808103 0.66808103 0.66808103]
  ...
  [0.39588758 0.39588758 0.39588758]
  [0.40299378 0.40299378 0.40299378]
  [0.43208148 0.43208148 0.43208148]]

 [[0.66786932 0.66786932 0.66786932]
  [0.66668498 0.66668498 0.66668498]
  [0.66790003 0.66790003 0.66790003]
  ...
  [0.40757713 0.40757713 0.40757713]
  [0.41327203 0.41327203 0.41327203]
  [0.43952521 0.43952521 0.43952521]]

 ...

 [[0.30250182 0.30250182 0.30250182]
  [0.29132067 0.29132067 0.29132067]
  [0.28739791 0.28739791 0.28739791]
  ...
  [0.22532638 0.22532638 0.22532638]
  [0.21687534 0.21687534 0.21687534]
  [0.2138135  0.2138135  0.2138135 ]]

 [[0.2808875  0.2808875  0.2808875 ]
  [0.26962104 0.26962104 0.26962104]
  [0.26434898 0.26434898 0.26434898]
  ...
  [0.25024978 0.25024978 0.25024978]
  [0.23996175 0.23996175 0.23996175]
  [0.23829801 0.23829801 0.23829801]]

 [[0.26594176 0.26594176 0.26594176]
  [0.25794733 0.25794733 0.25794733]
  [0.25598284 0.25598284 0.25598284]
  ...
  [0.26473392 0.26473392 0.26473392]
  [0.26043366 0.26043366 0.26043366]
  [0.26486454 0.26486454 0.26486454]]]
[[[196 194 195]
  [194 191 194]
  [194 192 194]
  ...
  [112 111 112]
  [104 104 104]
  [121 119 120]]

 [[195 193 192]
  [192 191 191]
  [192 190 193]
  ...
  [104 104 104]
  [110 109 109]
  [129 129 129]]

 [[195 194 190]
  [193 192 189]
  [192 190 191]
  ...
  [112 113 112]
  [119 119 116]
  [136 134 134]]

 ...

 [[128 129 125]
  [110 111 108]
  [105 106 102]
  ...
  [ 96  91  86]
  [ 83  78  75]
  [ 77  76  71]]

 [[ 97  97  93]
  [ 76  77  76]
  [ 71  73  68]
  ...
  [121 120 118]
  [109 108 105]
  [108 107 103]]

 [[ 73  72  71]
  [ 59  60  59]
  [ 56  56  56]
  ...
  [140 142 136]
  [134 136 131]
  [138 139 137]]]
[[[0.6391802  0.6391802  0.6391802 ]
  [0.63578161 0.63578161 0.63578161]
  [0.63694179 0.63694179 0.63694179]
  ...
  [0.38575066 0.38575066 0.38575066]
  [0.37592894 0.37592894 0.37592894]
  [0.39663076 0.39663076 0.39663076]]

 [[0.63691447 0.63691447 0.63691447]
  [0.63578161 0.63578161 0.63578161]
  [0.63467698 0.63467698 0.63467698]
  ...
  [0.3760932  0.3760932  0.3760932 ]
  [0.38284409 0.38284409 0.38284409]
  [0.41047741 0.41047741 0.41047741]]

 [[0.63447586 0.63447586 0.63447586]
  [0.63335073 0.63335073 0.63335073]
  [0.63450503 0.63450503 0.63450503]
  ...
  [0.38719827 0.38719827 0.38719827]
  [0.39260843 0.39260843 0.39260843]
  [0.41754895 0.41754895 0.41754895]]

 ...

 [[0.28737673 0.28737673 0.28737673]
  [0.27675464 0.27675464 0.27675464]
  [0.27302802 0.27302802 0.27302802]
  ...
  [0.21406006 0.21406006 0.21406006]
  [0.20603157 0.20603157 0.20603157]
  [0.20312283 0.20312283 0.20312283]]

 [[0.26684313 0.26684313 0.26684313]
  [0.25613999 0.25613999 0.25613999]
  [0.25113153 0.25113153 0.25113153]
  ...
  [0.23773729 0.23773729 0.23773729]
  [0.22796366 0.22796366 0.22796366]
  [0.22638311 0.22638311 0.22638311]]

 [[0.25264468 0.25264468 0.25264468]
  [0.24504996 0.24504996 0.24504996]
  [0.2431837  0.2431837  0.2431837 ]
  ...
  [0.25149723 0.25149723 0.25149723]
  [0.24741197 0.24741197 0.24741197]
  [0.25162131 0.25162131 0.25162131]]]
[[[196 194 195]
  [194 191 194]
  [194 192 194]
  ...
  [112 111 112]
  [104 104 104]
  [121 119 120]]

 [[195 193 192]
  [192 191 191]
  [192 190 193]
  ...
  [104 104 104]
  [110 109 109]
  [129 129 129]]

 [[195 194 190]
  [193 192 189]
  [192 190 191]
  ...
  [112 113 112]
  [119 119 116]
  [136 134 134]]

 ...

 [[128 129 125]
  [110 111 108]
  [105 106 102]
  ...
  [ 96  91  86]
  [ 83  78  75]
  [ 77  76  71]]

 [[ 97  97  93]
  [ 76  77  76]
  [ 71  73  68]
  ...
  [121 120 118]
  [109 108 105]
  [108 107 103]]

 [[ 73  72  71]
  [ 59  60  59]
  [ 56  56  56]
  ...
  [140 142 136]
  [134 136 131]
  [138 139 137]]]
[[[0.6391802  0.6391802  0.6391802 ]
  [0.63578161 0.63578161 0.63578161]
  [0.63694179 0.63694179 0.63694179]
  ...
  [0.38575066 0.38575066 0.38575066]
  [0.37592894 0.37592894 0.37592894]
  [0.39663076 0.39663076 0.39663076]]

 [[0.63691447 0.63691447 0.63691447]
  [0.63578161 0.63578161 0.63578161]
  [0.63467698 0.63467698 0.63467698]
  ...
  [0.3760932  0.3760932  0.3760932 ]
  [0.38284409 0.38284409 0.38284409]
  [0.41047741 0.41047741 0.41047741]]

 [[0.63447586 0.63447586 0.63447586]
  [0.63335073 0.63335073 0.63335073]
  [0.63450503 0.63450503 0.63450503]
  ...
  [0.38719827 0.38719827 0.38719827]
  [0.39260843 0.39260843 0.39260843]
  [0.41754895 0.41754895 0.41754895]]

 ...

 [[0.28737673 0.28737673 0.28737673]
  [0.27675464 0.27675464 0.27675464]
  [0.27302802 0.27302802 0.27302802]
  ...
  [0.21406006 0.21406006 0.21406006]
  [0.20603157 0.20603157 0.20603157]
  [0.20312283 0.20312283 0.20312283]]

 [[0.26684313 0.26684313 0.26684313]
  [0.25613999 0.25613999 0.25613999]
  [0.25113153 0.25113153 0.25113153]
  ...
  [0.23773729 0.23773729 0.23773729]
  [0.22796366 0.22796366 0.22796366]
  [0.22638311 0.22638311 0.22638311]]

 [[0.25264468 0.25264468 0.25264468]
  [0.24504996 0.24504996 0.24504996]
  [0.2431837  0.2431837  0.2431837 ]
  ...
  [0.25149723 0.25149723 0.25149723]
  [0.24741197 0.24741197 0.24741197]
  [0.25162131 0.25162131 0.25162131]]]
[[[196 194 195]
  [194 191 194]
  [194 192 194]
  ...
  [112 111 112]
  [104 104 104]
  [121 119 120]]

 [[195 193 192]
  [192 191 191]
  [192 190 193]
  ...
  [104 104 104]
  [110 109 109]
  [129 129 129]]

 [[195 194 190]
  [193 192 189]
  [192 190 191]
  ...
  [112 113 112]
  [119 119 116]
  [136 134 134]]

 ...

 [[128 129 125]
  [110 111 108]
  [105 106 102]
  ...
  [ 96  91  86]
  [ 83  78  75]
  [ 77  76  71]]

 [[ 97  97  93]
  [ 76  77  76]
  [ 71  73  68]
  ...
  [121 120 118]
  [109 108 105]
  [108 107 103]]

 [[ 73  72  71]
  [ 59  60  59]
  [ 56  56  56]
  ...
  [140 142 136]
  [134 136 131]
  [138 139 137]]]
[[[0.6391802  0.6391802  0.6391802 ]
  [0.63578161 0.63578161 0.63578161]
  [0.63694179 0.63694179 0.63694179]
  ...
  [0.38575066 0.38575066 0.38575066]
  [0.37592894 0.37592894 0.37592894]
  [0.39663076 0.39663076 0.39663076]]

 [[0.63691447 0.63691447 0.63691447]
  [0.63578161 0.63578161 0.63578161]
  [0.63467698 0.63467698 0.63467698]
  ...
  [0.3760932  0.3760932  0.3760932 ]
  [0.38284409 0.38284409 0.38284409]
  [0.41047741 0.41047741 0.41047741]]

 [[0.63447586 0.63447586 0.63447586]
  [0.63335073 0.63335073 0.63335073]
  [0.63450503 0.63450503 0.63450503]
  ...
  [0.38719827 0.38719827 0.38719827]
  [0.39260843 0.39260843 0.39260843]
  [0.41754895 0.41754895 0.41754895]]

 ...

 [[0.28737673 0.28737673 0.28737673]
  [0.27675464 0.27675464 0.27675464]
  [0.27302802 0.27302802 0.27302802]
  ...
  [0.21406006 0.21406006 0.21406006]
  [0.20603157 0.20603157 0.20603157]
  [0.20312283 0.20312283 0.20312283]]

 [[0.26684313 0.26684313 0.26684313]
  [0.25613999 0.25613999 0.25613999]
  [0.25113153 0.25113153 0.25113153]
  ...
  [0.23773729 0.23773729 0.23773729]
  [0.22796366 0.22796366 0.22796366]
  [0.22638311 0.22638311 0.22638311]]

 [[0.25264468 0.25264468 0.25264468]
  [0.24504996 0.24504996 0.24504996]
  [0.2431837  0.2431837  0.2431837 ]
  ...
  [0.25149723 0.25149723 0.25149723]
  [0.24741197 0.24741197 0.24741197]
  [0.25162131 0.25162131 0.25162131]]]
[[[196 194 195]
  [194 191 194]
  [194 192 194]
  ...
  [112 111 112]
  [104 104 104]
  [121 119 120]]

 [[195 193 192]
  [192 191 191]
  [192 190 193]
  ...
  [104 104 104]
  [110 109 109]
  [129 129 129]]

 [[195 194 190]
  [193 192 189]
  [192 190 191]
  ...
  [112 113 112]
  [119 119 116]
  [136 134 134]]

 ...

 [[128 129 125]
  [110 111 108]
  [105 106 102]
  ...
  [ 96  91  86]
  [ 83  78  75]
  [ 77  76  71]]

 [[ 97  97  93]
  [ 76  77  76]
  [ 71  73  68]
  ...
  [121 120 118]
  [109 108 105]
  [108 107 103]]

 [[ 73  72  71]
  [ 59  60  59]
  [ 56  56  56]
  ...
  [140 142 136]
  [134 136 131]
  [138 139 137]]]
[[[0.6391802  0.6391802  0.6391802 ]
  [0.63578161 0.63578161 0.63578161]
  [0.63694179 0.63694179 0.63694179]
  ...
  [0.38575066 0.38575066 0.38575066]
  [0.37592894 0.37592894 0.37592894]
  [0.39663076 0.39663076 0.39663076]]

 [[0.63691447 0.63691447 0.63691447]
  [0.63578161 0.63578161 0.63578161]
  [0.63467698 0.63467698 0.63467698]
  ...
  [0.3760932  0.3760932  0.3760932 ]
  [0.38284409 0.38284409 0.38284409]
  [0.41047741 0.41047741 0.41047741]]

 [[0.63447586 0.63447586 0.63447586]
  [0.63335073 0.63335073 0.63335073]
  [0.63450503 0.63450503 0.63450503]
  ...
  [0.38719827 0.38719827 0.38719827]
  [0.39260843 0.39260843 0.39260843]
  [0.41754895 0.41754895 0.41754895]]

 ...

 [[0.28737673 0.28737673 0.28737673]
  [0.27675464 0.27675464 0.27675464]
  [0.27302802 0.27302802 0.27302802]
  ...
  [0.21406006 0.21406006 0.21406006]
  [0.20603157 0.20603157 0.20603157]
  [0.20312283 0.20312283 0.20312283]]

 [[0.26684313 0.26684313 0.26684313]
  [0.25613999 0.25613999 0.25613999]
  [0.25113153 0.25113153 0.25113153]
  ...
  [0.23773729 0.23773729 0.23773729]
  [0.22796366 0.22796366 0.22796366]
  [0.22638311 0.22638311 0.22638311]]

 [[0.25264468 0.25264468 0.25264468]
  [0.24504996 0.24504996 0.24504996]
  [0.2431837  0.2431837  0.2431837 ]
  ...
  [0.25149723 0.25149723 0.25149723]
  [0.24741197 0.24741197 0.24741197]
  [0.25162131 0.25162131 0.25162131]]]
[[[196 194 195]
  [194 191 194]
  [194 192 194]
  ...
  [112 111 112]
  [104 104 104]
  [121 119 120]]

 [[195 193 192]
  [192 191 191]
  [192 190 193]
  ...
  [104 104 104]
  [110 109 109]
  [129 129 129]]

 [[195 194 190]
  [193 192 189]
  [192 190 191]
  ...
  [112 113 112]
  [119 119 116]
  [136 134 134]]

 ...

 [[128 129 125]
  [110 111 108]
  [105 106 102]
  ...
  [ 96  91  86]
  [ 83  78  75]
  [ 77  76  71]]

 [[ 97  97  93]
  [ 76  77  76]
  [ 71  73  68]
  ...
  [121 120 118]
  [109 108 105]
  [108 107 103]]

 [[ 73  72  71]
  [ 59  60  59]
  [ 56  56  56]
  ...
  [140 142 136]
  [134 136 131]
  [138 139 137]]]
[[[0.6391802  0.6391802  0.6391802 ]
  [0.63578161 0.63578161 0.63578161]
  [0.63694179 0.63694179 0.63694179]
  ...
  [0.38575066 0.38575066 0.38575066]
  [0.37592894 0.37592894 0.37592894]
  [0.39663076 0.39663076 0.39663076]]

 [[0.63691447 0.63691447 0.63691447]
  [0.63578161 0.63578161 0.63578161]
  [0.63467698 0.63467698 0.63467698]
  ...
  [0.3760932  0.3760932  0.3760932 ]
  [0.38284409 0.38284409 0.38284409]
  [0.41047741 0.41047741 0.41047741]]

 [[0.63447586 0.63447586 0.63447586]
  [0.63335073 0.63335073 0.63335073]
  [0.63450503 0.63450503 0.63450503]
  ...
  [0.38719827 0.38719827 0.38719827]
  [0.39260843 0.39260843 0.39260843]
  [0.41754895 0.41754895 0.41754895]]

 ...

 [[0.28737673 0.28737673 0.28737673]
  [0.27675464 0.27675464 0.27675464]
  [0.27302802 0.27302802 0.27302802]
  ...
  [0.21406006 0.21406006 0.21406006]
  [0.20603157 0.20603157 0.20603157]
  [0.20312283 0.20312283 0.20312283]]

 [[0.26684313 0.26684313 0.26684313]
  [0.25613999 0.25613999 0.25613999]
  [0.25113153 0.25113153 0.25113153]
  ...
  [0.23773729 0.23773729 0.23773729]
  [0.22796366 0.22796366 0.22796366]
  [0.22638311 0.22638311 0.22638311]]

 [[0.25264468 0.25264468 0.25264468]
  [0.24504996 0.24504996 0.24504996]
  [0.2431837  0.2431837  0.2431837 ]
  ...
  [0.25149723 0.25149723 0.25149723]
  [0.24741197 0.24741197 0.24741197]
  [0.25162131 0.25162131 0.25162131]]]
[[[196 194 195]
  [194 191 194]
  [194 192 194]
  ...
  [112 111 112]
  [104 104 104]
  [121 119 120]]

 [[195 193 192]
  [192 191 191]
  [192 190 193]
  ...
  [104 104 104]
  [110 109 109]
  [129 129 129]]

 [[195 194 190]
  [193 192 189]
  [192 190 191]
  ...
  [112 113 112]
  [119 119 116]
  [136 134 134]]

 ...

 [[128 129 125]
  [110 111 108]
  [105 106 102]
  ...
  [ 96  91  86]
  [ 83  78  75]
  [ 77  76  71]]

 [[ 97  97  93]
  [ 76  77  76]
  [ 71  73  68]
  ...
  [121 120 118]
  [109 108 105]
  [108 107 103]]

 [[ 73  72  71]
  [ 59  60  59]
  [ 56  56  56]
  ...
  [140 142 136]
  [134 136 131]
  [138 139 137]]]
[[[0.6391802  0.6391802  0.6391802 ]
  [0.63578161 0.63578161 0.63578161]
  [0.63694179 0.63694179 0.63694179]
  ...
  [0.38575066 0.38575066 0.38575066]
  [0.37592894 0.37592894 0.37592894]
  [0.39663076 0.39663076 0.39663076]]

 [[0.63691447 0.63691447 0.63691447]
  [0.63578161 0.63578161 0.63578161]
  [0.63467698 0.63467698 0.63467698]
  ...
  [0.3760932  0.3760932  0.3760932 ]
  [0.38284409 0.38284409 0.38284409]
  [0.41047741 0.41047741 0.41047741]]

 [[0.63447586 0.63447586 0.63447586]
  [0.63335073 0.63335073 0.63335073]
  [0.63450503 0.63450503 0.63450503]
  ...
  [0.38719827 0.38719827 0.38719827]
  [0.39260843 0.39260843 0.39260843]
  [0.41754895 0.41754895 0.41754895]]

 ...

 [[0.28737673 0.28737673 0.28737673]
  [0.27675464 0.27675464 0.27675464]
  [0.27302802 0.27302802 0.27302802]
  ...
  [0.21406006 0.21406006 0.21406006]
  [0.20603157 0.20603157 0.20603157]
  [0.20312283 0.20312283 0.20312283]]

 [[0.26684313 0.26684313 0.26684313]
  [0.25613999 0.25613999 0.25613999]
  [0.25113153 0.25113153 0.25113153]
  ...
  [0.23773729 0.23773729 0.23773729]
  [0.22796366 0.22796366 0.22796366]
  [0.22638311 0.22638311 0.22638311]]

 [[0.25264468 0.25264468 0.25264468]
  [0.24504996 0.24504996 0.24504996]
  [0.2431837  0.2431837  0.2431837 ]
  ...
  [0.25149723 0.25149723 0.25149723]
  [0.24741197 0.24741197 0.24741197]
  [0.25162131 0.25162131 0.25162131]]]
[[[196 194 195]
  [194 191 194]
  [194 192 194]
  ...
  [112 111 112]
  [104 104 104]
  [121 119 120]]

 [[195 193 192]
  [192 191 191]
  [192 190 193]
  ...
  [104 104 104]
  [110 109 109]
  [129 129 129]]

 [[195 194 190]
  [193 192 189]
  [192 190 191]
  ...
  [112 113 112]
  [119 119 116]
  [136 134 134]]

 ...

 [[128 129 125]
  [110 111 108]
  [105 106 102]
  ...
  [ 96  91  86]
  [ 83  78  75]
  [ 77  76  71]]

 [[ 97  97  93]
  [ 76  77  76]
  [ 71  73  68]
  ...
  [121 120 118]
  [109 108 105]
  [108 107 103]]

 [[ 73  72  71]
  [ 59  60  59]
  [ 56  56  56]
  ...
  [140 142 136]
  [134 136 131]
  [138 139 137]]]
[[[0.6391802  0.6391802  0.6391802 ]
  [0.63578161 0.63578161 0.63578161]
  [0.63694179 0.63694179 0.63694179]
  ...
  [0.38575066 0.38575066 0.38575066]
  [0.37592894 0.37592894 0.37592894]
  [0.39663076 0.39663076 0.39663076]]

 [[0.63691447 0.63691447 0.63691447]
  [0.63578161 0.63578161 0.63578161]
  [0.63467698 0.63467698 0.63467698]
  ...
  [0.3760932  0.3760932  0.3760932 ]
  [0.38284409 0.38284409 0.38284409]
  [0.41047741 0.41047741 0.41047741]]

 [[0.63447586 0.63447586 0.63447586]
  [0.63335073 0.63335073 0.63335073]
  [0.63450503 0.63450503 0.63450503]
  ...
  [0.38719827 0.38719827 0.38719827]
  [0.39260843 0.39260843 0.39260843]
  [0.41754895 0.41754895 0.41754895]]

 ...

 [[0.28737673 0.28737673 0.28737673]
  [0.27675464 0.27675464 0.27675464]
  [0.27302802 0.27302802 0.27302802]
  ...
  [0.21406006 0.21406006 0.21406006]
  [0.20603157 0.20603157 0.20603157]
  [0.20312283 0.20312283 0.20312283]]

 [[0.26684313 0.26684313 0.26684313]
  [0.25613999 0.25613999 0.25613999]
  [0.25113153 0.25113153 0.25113153]
  ...
  [0.23773729 0.23773729 0.23773729]
  [0.22796366 0.22796366 0.22796366]
  [0.22638311 0.22638311 0.22638311]]

 [[0.25264468 0.25264468 0.25264468]
  [0.24504996 0.24504996 0.24504996]
  [0.2431837  0.2431837  0.2431837 ]
  ...
  [0.25149723 0.25149723 0.25149723]
  [0.24741197 0.24741197 0.24741197]
  [0.25162131 0.25162131 0.25162131]]]
[[[196 194 195]
  [194 191 194]
  [194 192 194]
  ...
  [112 111 112]
  [104 104 104]
  [121 119 120]]

 [[195 193 192]
  [192 191 191]
  [192 190 193]
  ...
  [104 104 104]
  [110 109 109]
  [129 129 129]]

 [[195 194 190]
  [193 192 189]
  [192 190 191]
  ...
  [112 113 112]
  [119 119 116]
  [136 134 134]]

 ...

 [[128 129 125]
  [110 111 108]
  [105 106 102]
  ...
  [ 96  91  86]
  [ 83  78  75]
  [ 77  76  71]]

 [[ 97  97  93]
  [ 76  77  76]
  [ 71  73  68]
  ...
  [121 120 118]
  [109 108 105]
  [108 107 103]]

 [[ 73  72  71]
  [ 59  60  59]
  [ 56  56  56]
  ...
  [140 142 136]
  [134 136 131]
  [138 139 137]]]
[[[0.67282126 0.67282126 0.67282126]
  [0.6692438  0.6692438  0.6692438 ]
  [0.67046504 0.67046504 0.67046504]
  ...
  [0.40605333 0.40605333 0.40605333]
  [0.39571467 0.39571467 0.39571467]
  [0.41750607 0.41750607 0.41750607]]

 [[0.67043629 0.67043629 0.67043629]
  [0.6692438  0.6692438  0.6692438 ]
  [0.66808103 0.66808103 0.66808103]
  ...
  [0.39588758 0.39588758 0.39588758]
  [0.40299378 0.40299378 0.40299378]
  [0.43208148 0.43208148 0.43208148]]

 [[0.66786932 0.66786932 0.66786932]
  [0.66668498 0.66668498 0.66668498]
  [0.66790003 0.66790003 0.66790003]
  ...
  [0.40757713 0.40757713 0.40757713]
  [0.41327203 0.41327203 0.41327203]
  [0.43952521 0.43952521 0.43952521]]

 ...

 [[0.30250182 0.30250182 0.30250182]
  [0.29132067 0.29132067 0.29132067]
  [0.28739791 0.28739791 0.28739791]
  ...
  [0.22532638 0.22532638 0.22532638]
  [0.21687534 0.21687534 0.21687534]
  [0.2138135  0.2138135  0.2138135 ]]

 [[0.2808875  0.2808875  0.2808875 ]
  [0.26962104 0.26962104 0.26962104]
  [0.26434898 0.26434898 0.26434898]
  ...
  [0.25024978 0.25024978 0.25024978]
  [0.23996175 0.23996175 0.23996175]
  [0.23829801 0.23829801 0.23829801]]

 [[0.26594176 0.26594176 0.26594176]
  [0.25794733 0.25794733 0.25794733]
  [0.25598284 0.25598284 0.25598284]
  ...
  [0.26473392 0.26473392 0.26473392]
  [0.26043366 0.26043366 0.26043366]
  [0.26486454 0.26486454 0.26486454]]]
[[[196 194 195]
  [194 191 194]
  [194 192 194]
  ...
  [112 111 112]
  [104 104 104]
  [121 119 120]]

 [[195 193 192]
  [192 191 191]
  [192 190 193]
  ...
  [104 104 104]
  [110 109 109]
  [129 129 129]]

 [[195 194 190]
  [193 192 189]
  [192 190 191]
  ...
  [112 113 112]
  [119 119 116]
  [136 134 134]]

 ...

 [[128 129 125]
  [110 111 108]
  [105 106 102]
  ...
  [ 96  91  86]
  [ 83  78  75]
  [ 77  76  71]]

 [[ 97  97  93]
  [ 76  77  76]
  [ 71  73  68]
  ...
  [121 120 118]
  [109 108 105]
  [108 107 103]]

 [[ 73  72  71]
  [ 59  60  59]
  [ 56  56  56]
  ...
  [140 142 136]
  [134 136 131]
  [138 139 137]]]
[[[0.80738551 0.80738551 0.80738551]
  [0.80309256 0.80309256 0.80309256]
  [0.80455805 0.80455805 0.80455805]
  ...
  [0.48726399 0.48726399 0.48726399]
  [0.47485761 0.47485761 0.47485761]
  [0.50100728 0.50100728 0.50100728]]

 [[0.80452354 0.80452354 0.80452354]
  [0.80309256 0.80309256 0.80309256]
  [0.80169724 0.80169724 0.80169724]
  ...
  [0.47506509 0.47506509 0.47506509]
  [0.48359253 0.48359253 0.48359253]
  [0.51849778 0.51849778 0.51849778]]

 [[0.80144319 0.80144319 0.80144319]
  [0.80002198 0.80002198 0.80002198]
  [0.80148004 0.80148004 0.80148004]
  ...
  [0.48909255 0.48909255 0.48909255]
  [0.49592644 0.49592644 0.49592644]
  [0.52743025 0.52743025 0.52743025]]

 ...

 [[0.36300218 0.36300218 0.36300218]
  [0.34958481 0.34958481 0.34958481]
  [0.3448775  0.3448775  0.3448775 ]
  ...
  [0.27039165 0.27039165 0.27039165]
  [0.26025041 0.26025041 0.26025041]
  [0.25657621 0.25657621 0.25657621]]

 [[0.337065   0.337065   0.337065  ]
  [0.32354525 0.32354525 0.32354525]
  [0.31721877 0.31721877 0.31721877]
  ...
  [0.30029973 0.30029973 0.30029973]
  [0.2879541  0.2879541  0.2879541 ]
  [0.28595761 0.28595761 0.28595761]]

 [[0.31913012 0.31913012 0.31913012]
  [0.3095368  0.3095368  0.3095368 ]
  [0.30717941 0.30717941 0.30717941]
  ...
  [0.31768071 0.31768071 0.31768071]
  [0.31252039 0.31252039 0.31252039]
  [0.31783745 0.31783745 0.31783745]]]
[[[196 194 195]
  [194 191 194]
  [194 192 194]
  ...
  [112 111 112]
  [104 104 104]
  [121 119 120]]

 [[195 193 192]
  [192 191 191]
  [192 190 193]
  ...
  [104 104 104]
  [110 109 109]
  [129 129 129]]

 [[195 194 190]
  [193 192 189]
  [192 190 191]
  ...
  [112 113 112]
  [119 119 116]
  [136 134 134]]

 ...

 [[128 129 125]
  [110 111 108]
  [105 106 102]
  ...
  [ 96  91  86]
  [ 83  78  75]
  [ 77  76  71]]

 [[ 97  97  93]
  [ 76  77  76]
  [ 71  73  68]
  ...
  [121 120 118]
  [109 108 105]
  [108 107 103]]

 [[ 73  72  71]
  [ 59  60  59]
  [ 56  56  56]
  ...
  [140 142 136]
  [134 136 131]
  [138 139 137]]]
[[[1.00923189 1.00923189 1.00923189]
  [1.0038657  1.0038657  1.0038657 ]
  [1.00569756 1.00569756 1.00569756]
  ...
  [0.60907999 0.60907999 0.60907999]
  [0.59357201 0.59357201 0.59357201]
  [0.6262591  0.6262591  0.6262591 ]]

 [[1.00565443 1.00565443 1.00565443]
  [1.0038657  1.0038657  1.0038657 ]
  [1.00212155 1.00212155 1.00212155]
  ...
  [0.59383137 0.59383137 0.59383137]
  [0.60449067 0.60449067 0.60449067]
  [0.64812222 0.64812222 0.64812222]]

 [[1.00180398 1.00180398 1.00180398]
  [1.00002747 1.00002747 1.00002747]
  [1.00185005 1.00185005 1.00185005]
  ...
  [0.61136569 0.61136569 0.61136569]
  [0.61990804 0.61990804 0.61990804]
  [0.65928781 0.65928781 0.65928781]]

 ...

 [[0.45375273 0.45375273 0.45375273]
  [0.43698101 0.43698101 0.43698101]
  [0.43109687 0.43109687 0.43109687]
  ...
  [0.33798957 0.33798957 0.33798957]
  [0.32531301 0.32531301 0.32531301]
  [0.32072026 0.32072026 0.32072026]]

 [[0.42133125 0.42133125 0.42133125]
  [0.40443156 0.40443156 0.40443156]
  [0.39652346 0.39652346 0.39652346]
  ...
  [0.37537467 0.37537467 0.37537467]
  [0.35994262 0.35994262 0.35994262]
  [0.35744702 0.35744702 0.35744702]]

 [[0.39891265 0.39891265 0.39891265]
  [0.386921   0.386921   0.386921  ]
  [0.38397426 0.38397426 0.38397426]
  ...
  [0.39710089 0.39710089 0.39710089]
  [0.39065049 0.39065049 0.39065049]
  [0.39729681 0.39729681 0.39729681]]]
[[[196 194 195]
  [194 191 194]
  [194 192 194]
  ...
  [112 111 112]
  [104 104 104]
  [121 119 120]]

 [[195 193 192]
  [192 191 191]
  [192 190 193]
  ...
  [104 104 104]
  [110 109 109]
  [129 129 129]]

 [[195 194 190]
  [193 192 189]
  [192 190 191]
  ...
  [112 113 112]
  [119 119 116]
  [136 134 134]]

 ...

 [[128 129 125]
  [110 111 108]
  [105 106 102]
  ...
  [ 96  91  86]
  [ 83  78  75]
  [ 77  76  71]]

 [[ 97  97  93]
  [ 76  77  76]
  [ 71  73  68]
  ...
  [121 120 118]
  [109 108 105]
  [108 107 103]]

 [[ 73  72  71]
  [ 59  60  59]
  [ 56  56  56]
  ...
  [140 142 136]
  [134 136 131]
  [138 139 137]]]
[[[0.92282126 0.92282126 0.92282126]
  [0.9192438  0.9192438  0.9192438 ]
  [0.92046504 0.92046504 0.92046504]
  ...
  [0.65605333 0.65605333 0.65605333]
  [0.64571467 0.64571467 0.64571467]
  [0.66750607 0.66750607 0.66750607]]

 [[0.92043629 0.92043629 0.92043629]
  [0.9192438  0.9192438  0.9192438 ]
  [0.91808103 0.91808103 0.91808103]
  ...
  [0.64588758 0.64588758 0.64588758]
  [0.65299378 0.65299378 0.65299378]
  [0.68208148 0.68208148 0.68208148]]

 [[0.91786932 0.91786932 0.91786932]
  [0.91668498 0.91668498 0.91668498]
  [0.91790003 0.91790003 0.91790003]
  ...
  [0.65757713 0.65757713 0.65757713]
  [0.66327203 0.66327203 0.66327203]
  [0.68952521 0.68952521 0.68952521]]

 ...

 [[0.55250182 0.55250182 0.55250182]
  [0.54132067 0.54132067 0.54132067]
  [0.53739791 0.53739791 0.53739791]
  ...
  [0.47532638 0.47532638 0.47532638]
  [0.46687534 0.46687534 0.46687534]
  [0.4638135  0.4638135  0.4638135 ]]

 [[0.5308875  0.5308875  0.5308875 ]
  [0.51962104 0.51962104 0.51962104]
  [0.51434898 0.51434898 0.51434898]
  ...
  [0.50024978 0.50024978 0.50024978]
  [0.48996175 0.48996175 0.48996175]
  [0.48829801 0.48829801 0.48829801]]

 [[0.51594176 0.51594176 0.51594176]
  [0.50794733 0.50794733 0.50794733]
  [0.50598284 0.50598284 0.50598284]
  ...
  [0.51473392 0.51473392 0.51473392]
  [0.51043366 0.51043366 0.51043366]
  [0.51486454 0.51486454 0.51486454]]]
[[[196 194 195]
  [194 191 194]
  [194 192 194]
  ...
  [112 111 112]
  [104 104 104]
  [121 119 120]]

 [[195 193 192]
  [192 191 191]
  [192 190 193]
  ...
  [104 104 104]
  [110 109 109]
  [129 129 129]]

 [[195 194 190]
  [193 192 189]
  [192 190 191]
  ...
  [112 113 112]
  [119 119 116]
  [136 134 134]]

 ...

 [[128 129 125]
  [110 111 108]
  [105 106 102]
  ...
  [ 96  91  86]
  [ 83  78  75]
  [ 77  76  71]]

 [[ 97  97  93]
  [ 76  77  76]
  [ 71  73  68]
  ...
  [121 120 118]
  [109 108 105]
  [108 107 103]]

 [[ 73  72  71]
  [ 59  60  59]
  [ 56  56  56]
  ...
  [140 142 136]
  [134 136 131]
  [138 139 137]]]
[[[ 1.86851272e+02  1.86851272e+02  1.86851272e+02]
  [ 1.81454318e+02  1.81454318e+02  1.81454318e+02]
  [ 1.84224821e+02  1.84224821e+02  1.84224821e+02]
  ...
  [-1.45715484e+04 -1.45715484e+04 -1.45715484e+04]
  [-1.85399221e+04 -1.85399221e+04 -1.85399221e+04]
  [-1.06219773e+03 -1.06219773e+03 -1.06219773e+03]]

 [[ 1.83253303e+02  1.83253303e+02  1.83253303e+02]
  [ 1.81454318e+02  1.81454318e+02  1.81454318e+02]
  [ 1.80371595e+02  1.80371595e+02  1.80371595e+02]
  ...
  [-2.59851826e+04 -2.59851826e+04 -2.59851826e+04]
  [-1.27140229e+04 -1.27140229e+04 -1.27140229e+04]
  [ 1.05892169e+04  1.05892169e+04  1.05892169e+04]]

 [[ 1.88334741e+02  1.88334741e+02  1.88334741e+02]
  [ 1.85466779e+02  1.85466779e+02  1.85466779e+02]
  [ 1.89089675e+02  1.89089675e+02  1.89089675e+02]
  ...
  [-1.29405781e+04 -1.29405781e+04 -1.29405781e+04]
  [-4.55748514e+03 -4.55748514e+03 -4.55748514e+03]
  [ 1.64143777e+04  1.64143777e+04  1.64143777e+04]]

 ...

 [[ 1.41483124e+02  1.41483124e+02  1.41483124e+02]
  [ 1.01243952e+02  1.01243952e+02  1.01243952e+02]
  [ 8.72534032e+01  8.72534032e+01  8.72534032e+01]
  ...
  [ 7.32058732e+01  7.32058732e+01  7.32058732e+01]
  [ 4.28518847e+01  4.28518847e+01  4.28518847e+01]
  [ 3.20971075e+01  3.20971075e+01  3.20971075e+01]]

 [[ 6.92986692e+01  6.92986692e+01  6.92986692e+01]
  [ 3.29192540e+01  3.29192540e+01  3.29192540e+01]
  [ 1.62141665e+01  1.62141665e+01  1.62141665e+01]
  ...
  [ 1.59910920e+02  1.59910920e+02  1.59910920e+02]
  [ 1.23952815e+02  1.23952815e+02  1.23952815e+02]
  [ 1.18232686e+02  1.18232686e+02  1.18232686e+02]]

 [[ 2.43402560e+01  2.43402560e+01  2.43402560e+01]
  [-7.98347212e-01 -7.98347212e-01 -7.98347212e-01]
  [-7.36275672e+00 -7.36275672e+00 -7.36275672e+00]
  ...
  [ 2.06819533e+02  2.06819533e+02  2.06819533e+02]
  [ 1.91996866e+02  1.91996866e+02  1.91996866e+02]
  [ 2.07234223e+02  2.07234223e+02  2.07234223e+02]]]
[[[196 194 195]
  [194 191 194]
  [194 192 194]
  ...
  [112 111 112]
  [104 104 104]
  [121 119 120]]

 [[195 193 192]
  [192 191 191]
  [192 190 193]
  ...
  [104 104 104]
  [110 109 109]
  [129 129 129]]

 [[195 194 190]
  [193 192 189]
  [192 190 191]
  ...
  [112 113 112]
  [119 119 116]
  [136 134 134]]

 ...

 [[128 129 125]
  [110 111 108]
  [105 106 102]
  ...
  [ 96  91  86]
  [ 83  78  75]
  [ 77  76  71]]

 [[ 97  97  93]
  [ 76  77  76]
  [ 71  73  68]
  ...
  [121 120 118]
  [109 108 105]
  [108 107 103]]

 [[ 73  72  71]
  [ 59  60  59]
  [ 56  56  56]
  ...
  [140 142 136]
  [134 136 131]
  [138 139 137]]]
[[[   0.9817697     0.9817697     0.9817697 ]
  [   0.96060517    0.96060517    0.96060517]
  [   0.97146989    0.97146989    0.97146989]
  ...
  [ -56.89430744  -56.89430744  -56.89430744]
  [ -72.45655715  -72.45655715  -72.45655715]
  [  -3.91646169   -3.91646169   -3.91646169]]

 [[   0.96766001    0.96766001    0.96766001]
  [   0.96060517    0.96060517    0.96060517]
  [   0.9563592     0.9563592     0.9563592 ]
  ...
  [-101.65365716 -101.65365716 -101.65365716]
  [ -49.6098939   -49.6098939   -49.6098939 ]
  [  41.77536048   41.77536048   41.77536048]]

 [[   0.98758722    0.98758722    0.98758722]
  [   0.97634031    0.97634031    0.97634031]
  [   0.99054774    0.99054774    0.99054774]
  ...
  [ -50.49834533  -50.49834533  -50.49834533]
  [ -17.62347113  -17.62347113  -17.62347113]
  [  64.61912823   64.61912823   64.61912823]]

 ...

 [[   0.80385539    0.80385539    0.80385539]
  [   0.64605471    0.64605471    0.64605471]
  [   0.59118982    0.59118982    0.59118982]
  ...
  [   0.53610146    0.53610146    0.53610146]
  [   0.41706621    0.41706621    0.41706621]
  [   0.37489062    0.37489062    0.37489062]]

 [[   0.5207791     0.5207791     0.5207791 ]
  [   0.37811472    0.37811472    0.37811472]
  [   0.31260457    0.31260457    0.31260457]
  ...
  [   0.87612126    0.87612126    0.87612126]
  [   0.73510908    0.73510908    0.73510908]
  [   0.7126772     0.7126772     0.7126772 ]]

 [[   0.34447159    0.34447159    0.34447159]
  [   0.24588883    0.24588883    0.24588883]
  [   0.22014605    0.22014605    0.22014605]
  ...
  [   1.0600766     1.0600766     1.0600766 ]
  [   1.00194849    1.00194849    1.00194849]
  [   1.06170283    1.06170283    1.06170283]]]
[[[196 194 195]
  [194 191 194]
  [194 192 194]
  ...
  [112 111 112]
  [104 104 104]
  [121 119 120]]

 [[195 193 192]
  [192 191 191]
  [192 190 193]
  ...
  [104 104 104]
  [110 109 109]
  [129 129 129]]

 [[195 194 190]
  [193 192 189]
  [192 190 191]
  ...
  [112 113 112]
  [119 119 116]
  [136 134 134]]

 ...

 [[128 129 125]
  [110 111 108]
  [105 106 102]
  ...
  [ 96  91  86]
  [ 83  78  75]
  [ 77  76  71]]

 [[ 97  97  93]
  [ 76  77  76]
  [ 71  73  68]
  ...
  [121 120 118]
  [109 108 105]
  [108 107 103]]

 [[ 73  72  71]
  [ 59  60  59]
  [ 56  56  56]
  ...
  [140 142 136]
  [134 136 131]
  [138 139 137]]]
[[[0.92282126 0.92282126 0.92282126]
  [0.9192438  0.9192438  0.9192438 ]
  [0.92046504 0.92046504 0.92046504]
  ...
  [0.65605333 0.65605333 0.65605333]
  [0.64571467 0.64571467 0.64571467]
  [0.66750607 0.66750607 0.66750607]]

 [[0.92043629 0.92043629 0.92043629]
  [0.9192438  0.9192438  0.9192438 ]
  [0.91808103 0.91808103 0.91808103]
  ...
  [0.64588758 0.64588758 0.64588758]
  [0.65299378 0.65299378 0.65299378]
  [0.68208148 0.68208148 0.68208148]]

 [[0.91786932 0.91786932 0.91786932]
  [0.91668498 0.91668498 0.91668498]
  [0.91790003 0.91790003 0.91790003]
  ...
  [0.65757713 0.65757713 0.65757713]
  [0.66327203 0.66327203 0.66327203]
  [0.68952521 0.68952521 0.68952521]]

 ...

 [[0.55250182 0.55250182 0.55250182]
  [0.54132067 0.54132067 0.54132067]
  [0.53739791 0.53739791 0.53739791]
  ...
  [0.47532638 0.47532638 0.47532638]
  [0.46687534 0.46687534 0.46687534]
  [0.4638135  0.4638135  0.4638135 ]]

 [[0.5308875  0.5308875  0.5308875 ]
  [0.51962104 0.51962104 0.51962104]
  [0.51434898 0.51434898 0.51434898]
  ...
  [0.50024978 0.50024978 0.50024978]
  [0.48996175 0.48996175 0.48996175]
  [0.48829801 0.48829801 0.48829801]]

 [[0.51594176 0.51594176 0.51594176]
  [0.50794733 0.50794733 0.50794733]
  [0.50598284 0.50598284 0.50598284]
  ...
  [0.51473392 0.51473392 0.51473392]
  [0.51043366 0.51043366 0.51043366]
  [0.51486454 0.51486454 0.51486454]]]
[[[196 194 195]
  [194 191 194]
  [194 192 194]
  ...
  [112 111 112]
  [104 104 104]
  [121 119 120]]

 [[195 193 192]
  [192 191 191]
  [192 190 193]
  ...
  [104 104 104]
  [110 109 109]
  [129 129 129]]

 [[195 194 190]
  [193 192 189]
  [192 190 191]
  ...
  [112 113 112]
  [119 119 116]
  [136 134 134]]

 ...

 [[128 129 125]
  [110 111 108]
  [105 106 102]
  ...
  [ 96  91  86]
  [ 83  78  75]
  [ 77  76  71]]

 [[ 97  97  93]
  [ 76  77  76]
  [ 71  73  68]
  ...
  [121 120 118]
  [109 108 105]
  [108 107 103]]

 [[ 73  72  71]
  [ 59  60  59]
  [ 56  56  56]
  ...
  [140 142 136]
  [134 136 131]
  [138 139 137]]]
0.4595145255636817
[[[196 194 195]
  [194 191 194]
  [194 192 194]
  ...
  [112 111 112]
  [104 104 104]
  [121 119 120]]

 [[195 193 192]
  [192 191 191]
  [192 190 193]
  ...
  [104 104 104]
  [110 109 109]
  [129 129 129]]

 [[195 194 190]
  [193 192 189]
  [192 190 191]
  ...
  [112 113 112]
  [119 119 116]
  [136 134 134]]

 ...

 [[128 129 125]
  [110 111 108]
  [105 106 102]
  ...
  [ 96  91  86]
  [ 83  78  75]
  [ 77  76  71]]

 [[ 97  97  93]
  [ 76  77  76]
  [ 71  73  68]
  ...
  [121 120 118]
  [109 108 105]
  [108 107 103]]

 [[ 73  72  71]
  [ 59  60  59]
  [ 56  56  56]
  ...
  [140 142 136]
  [134 136 131]
  [138 139 137]]]
0.4595145255636817
[[[196 194 195]
  [194 191 194]
  [194 192 194]
  ...
  [112 111 112]
  [104 104 104]
  [121 119 120]]

 [[195 193 192]
  [192 191 191]
  [192 190 193]
  ...
  [104 104 104]
  [110 109 109]
  [129 129 129]]

 [[195 194 190]
  [193 192 189]
  [192 190 191]
  ...
  [112 113 112]
  [119 119 116]
  [136 134 134]]

 ...

 [[128 129 125]
  [110 111 108]
  [105 106 102]
  ...
  [ 96  91  86]
  [ 83  78  75]
  [ 77  76  71]]

 [[ 97  97  93]
  [ 76  77  76]
  [ 71  73  68]
  ...
  [121 120 118]
  [109 108 105]
  [108 107 103]]

 [[ 73  72  71]
  [ 59  60  59]
  [ 56  56  56]
  ...
  [140 142 136]
  [134 136 131]
  [138 139 137]]]
0.7095145255636817
[[[196 194 195]
  [194 191 194]
  [194 192 194]
  ...
  [112 111 112]
  [104 104 104]
  [121 119 120]]

 [[195 193 192]
  [192 191 191]
  [192 190 193]
  ...
  [104 104 104]
  [110 109 109]
  [129 129 129]]

 [[195 194 190]
  [193 192 189]
  [192 190 191]
  ...
  [112 113 112]
  [119 119 116]
  [136 134 134]]

 ...

 [[128 129 125]
  [110 111 108]
  [105 106 102]
  ...
  [ 96  91  86]
  [ 83  78  75]
  [ 77  76  71]]

 [[ 97  97  93]
  [ 76  77  76]
  [ 71  73  68]
  ...
  [121 120 118]
  [109 108 105]
  [108 107 103]]

 [[ 73  72  71]
  [ 59  60  59]
  [ 56  56  56]
  ...
  [140 142 136]
  [134 136 131]
  [138 139 137]]]
0.7095145255636817
[[[120 137 144]
  [120 137 144]
  [120 137 144]
  ...
  [107 120 128]
  [105 120 127]
  [103 118 125]]

 [[120 137 144]
  [120 137 144]
  [120 137 144]
  ...
  [108 121 129]
  [106 121 128]
  [106 121 128]]

 [[120 137 144]
  [120 137 144]
  [120 137 144]
  ...
  [107 120 128]
  [107 120 128]
  [107 120 128]]

 ...

 [[105 116 118]
  [105 116 118]
  [105 116 118]
  ...
  [103 109 107]
  [103 109 107]
  [103 109 107]]

 [[105 116 118]
  [105 116 118]
  [105 116 118]
  ...
  [100 106 104]
  [100 106 104]
  [101 107 105]]

 [[105 117 117]
  [105 117 117]
  [105 117 117]
  ...
  [101 107 107]
  [100 106 106]
  [100 106 106]]]
0.6573777465962156
[[[120 137 144]
  [120 137 144]
  [120 137 144]
  ...
  [107 120 128]
  [105 120 127]
  [103 118 125]]

 [[120 137 144]
  [120 137 144]
  [120 137 144]
  ...
  [108 121 129]
  [106 121 128]
  [106 121 128]]

 [[120 137 144]
  [120 137 144]
  [120 137 144]
  ...
  [107 120 128]
  [107 120 128]
  [107 120 128]]

 ...

 [[105 116 118]
  [105 116 118]
  [105 116 118]
  ...
  [103 109 107]
  [103 109 107]
  [103 109 107]]

 [[105 116 118]
  [105 116 118]
  [105 116 118]
  ...
  [100 106 104]
  [100 106 104]
  [101 107 105]]

 [[105 117 117]
  [105 117 117]
  [105 117 117]
  ...
  [101 107 107]
  [100 106 106]
  [100 106 106]]]
0.4073777465962156
[[[120 137 144]
  [120 137 144]
  [120 137 144]
  ...
  [107 120 128]
  [105 120 127]
  [103 118 125]]

 [[120 137 144]
  [120 137 144]
  [120 137 144]
  ...
  [108 121 129]
  [106 121 128]
  [106 121 128]]

 [[120 137 144]
  [120 137 144]
  [120 137 144]
  ...
  [107 120 128]
  [107 120 128]
  [107 120 128]]

 ...

 [[105 116 118]
  [105 116 118]
  [105 116 118]
  ...
  [103 109 107]
  [103 109 107]
  [103 109 107]]

 [[105 116 118]
  [105 116 118]
  [105 116 118]
  ...
  [100 106 104]
  [100 106 104]
  [101 107 105]]

 [[105 117 117]
  [105 117 117]
  [105 117 117]
  ...
  [101 107 107]
  [100 106 106]
  [100 106 106]]]
0.4073777465962156
[[[120 137 144]
  [120 137 144]
  [120 137 144]
  ...
  [107 120 128]
  [105 120 127]
  [103 118 125]]

 [[120 137 144]
  [120 137 144]
  [120 137 144]
  ...
  [108 121 129]
  [106 121 128]
  [106 121 128]]

 [[120 137 144]
  [120 137 144]
  [120 137 144]
  ...
  [107 120 128]
  [107 120 128]
  [107 120 128]]

 ...

 [[105 116 118]
  [105 116 118]
  [105 116 118]
  ...
  [103 109 107]
  [103 109 107]
  [103 109 107]]

 [[105 116 118]
  [105 116 118]
  [105 116 118]
  ...
  [100 106 104]
  [100 106 104]
  [101 107 105]]

 [[105 117 117]
  [105 117 117]
  [105 117 117]
  ...
  [101 107 107]
  [100 106 106]
  [100 106 106]]]
0.4073777465962156
[[[120 137 144]
  [120 137 144]
  [120 137 144]
  ...
  [107 120 128]
  [105 120 127]
  [103 118 125]]

 [[120 137 144]
  [120 137 144]
  [120 137 144]
  ...
  [108 121 129]
  [106 121 128]
  [106 121 128]]

 [[120 137 144]
  [120 137 144]
  [120 137 144]
  ...
  [107 120 128]
  [107 120 128]
  [107 120 128]]

 ...

 [[105 116 118]
  [105 116 118]
  [105 116 118]
  ...
  [103 109 107]
  [103 109 107]
  [103 109 107]]

 [[105 116 118]
  [105 116 118]
  [105 116 118]
  ...
  [100 106 104]
  [100 106 104]
  [101 107 105]]

 [[105 117 117]
  [105 117 117]
  [105 117 117]
  ...
  [101 107 107]
  [100 106 106]
  [100 106 106]]]
[[0.00023892 0.00023892 0.00023892]
 [0.00023892 0.00023892 0.00023892]
 [0.00023892 0.00023892 0.00023892]
 ...
 [0.00021823 0.00021823 0.00021823]
 [0.00021818 0.00021818 0.00021818]
 [0.00021813 0.00021813 0.00021813]]
[[[120 137 144]
  [120 137 144]
  [120 137 144]
  ...
  [107 120 128]
  [105 120 127]
  [103 118 125]]

 [[120 137 144]
  [120 137 144]
  [120 137 144]
  ...
  [108 121 129]
  [106 121 128]
  [106 121 128]]

 [[120 137 144]
  [120 137 144]
  [120 137 144]
  ...
  [107 120 128]
  [107 120 128]
  [107 120 128]]

 ...

 [[105 116 118]
  [105 116 118]
  [105 116 118]
  ...
  [103 109 107]
  [103 109 107]
  [103 109 107]]

 [[105 116 118]
  [105 116 118]
  [105 116 118]
  ...
  [100 106 104]
  [100 106 104]
  [101 107 105]]

 [[105 117 117]
  [105 117 117]
  [105 117 117]
  ...
  [101 107 107]
  [100 106 106]
  [100 106 106]]]
[[0.00023892 0.00023892 0.00023892]
 [0.00023892 0.00023892 0.00023892]
 [0.00023892 0.00023892 0.00023892]
 ...
 [0.00021823 0.00021823 0.00021823]
 [0.00021818 0.00021818 0.00021818]
 [0.00021813 0.00021813 0.00021813]]
[[[120 137 144]
  [120 137 144]
  [120 137 144]
  ...
  [107 120 128]
  [105 120 127]
  [103 118 125]]

 [[120 137 144]
  [120 137 144]
  [120 137 144]
  ...
  [108 121 129]
  [106 121 128]
  [106 121 128]]

 [[120 137 144]
  [120 137 144]
  [120 137 144]
  ...
  [107 120 128]
  [107 120 128]
  [107 120 128]]

 ...

 [[105 116 118]
  [105 116 118]
  [105 116 118]
  ...
  [103 109 107]
  [103 109 107]
  [103 109 107]]

 [[105 116 118]
  [105 116 118]
  [105 116 118]
  ...
  [100 106 104]
  [100 106 104]
  [101 107 105]]

 [[105 117 117]
  [105 117 117]
  [105 117 117]
  ...
  [101 107 107]
  [100 106 106]
  [100 106 106]]]
[1.22213324 1.22213324 1.22213324]
[[[120 137 144]
  [120 137 144]
  [120 137 144]
  ...
  [107 120 128]
  [105 120 127]
  [103 118 125]]

 [[120 137 144]
  [120 137 144]
  [120 137 144]
  ...
  [108 121 129]
  [106 121 128]
  [106 121 128]]

 [[120 137 144]
  [120 137 144]
  [120 137 144]
  ...
  [107 120 128]
  [107 120 128]
  [107 120 128]]

 ...

 [[105 116 118]
  [105 116 118]
  [105 116 118]
  ...
  [103 109 107]
  [103 109 107]
  [103 109 107]]

 [[105 116 118]
  [105 116 118]
  [105 116 118]
  ...
  [100 106 104]
  [100 106 104]
  [101 107 105]]

 [[105 117 117]
  [105 117 117]
  [105 117 117]
  ...
  [101 107 107]
  [100 106 106]
  [100 106 106]]]
[0.13579258 0.13579258 0.13579258]
[[[120 137 144]
  [120 137 144]
  [120 137 144]
  ...
  [107 120 128]
  [105 120 127]
  [103 118 125]]

 [[120 137 144]
  [120 137 144]
  [120 137 144]
  ...
  [108 121 129]
  [106 121 128]
  [106 121 128]]

 [[120 137 144]
  [120 137 144]
  [120 137 144]
  ...
  [107 120 128]
  [107 120 128]
  [107 120 128]]

 ...

 [[105 116 118]
  [105 116 118]
  [105 116 118]
  ...
  [103 109 107]
  [103 109 107]
  [103 109 107]]

 [[105 116 118]
  [105 116 118]
  [105 116 118]
  ...
  [100 106 104]
  [100 106 104]
  [101 107 105]]

 [[105 117 117]
  [105 117 117]
  [105 117 117]
  ...
  [101 107 107]
  [100 106 106]
  [100 106 106]]]
0.4073777465962156
[[[120 137 144]
  [120 137 144]
  [120 137 144]
  ...
  [107 120 128]
  [105 120 127]
  [103 118 125]]

 [[120 137 144]
  [120 137 144]
  [120 137 144]
  ...
  [108 121 129]
  [106 121 128]
  [106 121 128]]

 [[120 137 144]
  [120 137 144]
  [120 137 144]
  ...
  [107 120 128]
  [107 120 128]
  [107 120 128]]

 ...

 [[105 116 118]
  [105 116 118]
  [105 116 118]
  ...
  [103 109 107]
  [103 109 107]
  [103 109 107]]

 [[105 116 118]
  [105 116 118]
  [105 116 118]
  ...
  [100 106 104]
  [100 106 104]
  [101 107 105]]

 [[105 117 117]
  [105 117 117]
  [105 117 117]
  ...
  [101 107 107]
  [100 106 106]
  [100 106 106]]]
0.4073777465962156
[[[120 137 144]
  [120 137 144]
  [120 137 144]
  ...
  [107 120 128]
  [105 120 127]
  [103 118 125]]

 [[120 137 144]
  [120 137 144]
  [120 137 144]
  ...
  [108 121 129]
  [106 121 128]
  [106 121 128]]

 [[120 137 144]
  [120 137 144]
  [120 137 144]
  ...
  [107 120 128]
  [107 120 128]
  [107 120 128]]

 ...

 [[105 116 118]
  [105 116 118]
  [105 116 118]
  ...
  [103 109 107]
  [103 109 107]
  [103 109 107]]

 [[105 116 118]
  [105 116 118]
  [105 116 118]
  ...
  [100 106 104]
  [100 106 104]
  [101 107 105]]

 [[105 117 117]
  [105 117 117]
  [105 117 117]
  ...
  [101 107 107]
  [100 106 106]
  [100 106 106]]]
0.4073777465962156
[[[120 137 144]
  [120 137 144]
  [120 137 144]
  ...
  [107 120 128]
  [105 120 127]
  [103 118 125]]

 [[120 137 144]
  [120 137 144]
  [120 137 144]
  ...
  [108 121 129]
  [106 121 128]
  [106 121 128]]

 [[120 137 144]
  [120 137 144]
  [120 137 144]
  ...
  [107 120 128]
  [107 120 128]
  [107 120 128]]

 ...

 [[105 116 118]
  [105 116 118]
  [105 116 118]
  ...
  [103 109 107]
  [103 109 107]
  [103 109 107]]

 [[105 116 118]
  [105 116 118]
  [105 116 118]
  ...
  [100 106 104]
  [100 106 104]
  [101 107 105]]

 [[105 117 117]
  [105 117 117]
  [105 117 117]
  ...
  [101 107 107]
  [100 106 106]
  [100 106 106]]]
0.4073777465962156
[[[120 137 144]
  [120 137 144]
  [120 137 144]
  ...
  [107 120 128]
  [105 120 127]
  [103 118 125]]

 [[120 137 144]
  [120 137 144]
  [120 137 144]
  ...
  [108 121 129]
  [106 121 128]
  [106 121 128]]

 [[120 137 144]
  [120 137 144]
  [120 137 144]
  ...
  [107 120 128]
  [107 120 128]
  [107 120 128]]

 ...

 [[105 116 118]
  [105 116 118]
  [105 116 118]
  ...
  [103 109 107]
  [103 109 107]
  [103 109 107]]

 [[105 116 118]
  [105 116 118]
  [105 116 118]
  ...
  [100 106 104]
  [100 106 104]
  [101 107 105]]

 [[105 117 117]
  [105 117 117]
  [105 117 117]
  ...
  [101 107 107]
  [100 106 106]
  [100 106 106]]]
0.4073777465962156
[[[120 137 144]
  [120 137 144]
  [120 137 144]
  ...
  [107 120 128]
  [105 120 127]
  [103 118 125]]

 [[120 137 144]
  [120 137 144]
  [120 137 144]
  ...
  [108 121 129]
  [106 121 128]
  [106 121 128]]

 [[120 137 144]
  [120 137 144]
  [120 137 144]
  ...
  [107 120 128]
  [107 120 128]
  [107 120 128]]

 ...

 [[105 116 118]
  [105 116 118]
  [105 116 118]
  ...
  [103 109 107]
  [103 109 107]
  [103 109 107]]

 [[105 116 118]
  [105 116 118]
  [105 116 118]
  ...
  [100 106 104]
  [100 106 104]
  [101 107 105]]

 [[105 117 117]
  [105 117 117]
  [105 117 117]
  ...
  [101 107 107]
  [100 106 106]
  [100 106 106]]]
0.4073777465962156
[[[120 137 144]
  [120 137 144]
  [120 137 144]
  ...
  [107 120 128]
  [105 120 127]
  [103 118 125]]

 [[120 137 144]
  [120 137 144]
  [120 137 144]
  ...
  [108 121 129]
  [106 121 128]
  [106 121 128]]

 [[120 137 144]
  [120 137 144]
  [120 137 144]
  ...
  [107 120 128]
  [107 120 128]
  [107 120 128]]

 ...

 [[105 116 118]
  [105 116 118]
  [105 116 118]
  ...
  [103 109 107]
  [103 109 107]
  [103 109 107]]

 [[105 116 118]
  [105 116 118]
  [105 116 118]
  ...
  [100 106 104]
  [100 106 104]
  [101 107 105]]

 [[105 117 117]
  [105 117 117]
  [105 117 117]
  ...
  [101 107 107]
  [100 106 106]
  [100 106 106]]]
0.4073777465962156
[[[120 137 144]
  [120 137 144]
  [120 137 144]
  ...
  [107 120 128]
  [105 120 127]
  [103 118 125]]

 [[120 137 144]
  [120 137 144]
  [120 137 144]
  ...
  [108 121 129]
  [106 121 128]
  [106 121 128]]

 [[120 137 144]
  [120 137 144]
  [120 137 144]
  ...
  [107 120 128]
  [107 120 128]
  [107 120 128]]

 ...

 [[105 116 118]
  [105 116 118]
  [105 116 118]
  ...
  [103 109 107]
  [103 109 107]
  [103 109 107]]

 [[105 116 118]
  [105 116 118]
  [105 116 118]
  ...
  [100 106 104]
  [100 106 104]
  [101 107 105]]

 [[105 117 117]
  [105 117 117]
  [105 117 117]
  ...
  [101 107 107]
  [100 106 106]
  [100 106 106]]]
0.4073777465962156
[[[120 137 144]
  [120 137 144]
  [120 137 144]
  ...
  [107 120 128]
  [105 120 127]
  [103 118 125]]

 [[120 137 144]
  [120 137 144]
  [120 137 144]
  ...
  [108 121 129]
  [106 121 128]
  [106 121 128]]

 [[120 137 144]
  [120 137 144]
  [120 137 144]
  ...
  [107 120 128]
  [107 120 128]
  [107 120 128]]

 ...

 [[105 116 118]
  [105 116 118]
  [105 116 118]
  ...
  [103 109 107]
  [103 109 107]
  [103 109 107]]

 [[105 116 118]
  [105 116 118]
  [105 116 118]
  ...
  [100 106 104]
  [100 106 104]
  [101 107 105]]

 [[105 117 117]
  [105 117 117]
  [105 117 117]
  ...
  [101 107 107]
  [100 106 106]
  [100 106 106]]]
0.4073777465962156
[[[120 137 144]
  [120 137 144]
  [120 137 144]
  ...
  [107 120 128]
  [105 120 127]
  [103 118 125]]

 [[120 137 144]
  [120 137 144]
  [120 137 144]
  ...
  [108 121 129]
  [106 121 128]
  [106 121 128]]

 [[120 137 144]
  [120 137 144]
  [120 137 144]
  ...
  [107 120 128]
  [107 120 128]
  [107 120 128]]

 ...

 [[105 116 118]
  [105 116 118]
  [105 116 118]
  ...
  [103 109 107]
  [103 109 107]
  [103 109 107]]

 [[105 116 118]
  [105 116 118]
  [105 116 118]
  ...
  [100 106 104]
  [100 106 104]
  [101 107 105]]

 [[105 117 117]
  [105 117 117]
  [105 117 117]
  ...
  [101 107 107]
  [100 106 106]
  [100 106 106]]]
0.4073777465962156
[[[120 137 144]
  [120 137 144]
  [120 137 144]
  ...
  [107 120 128]
  [105 120 127]
  [103 118 125]]

 [[120 137 144]
  [120 137 144]
  [120 137 144]
  ...
  [108 121 129]
  [106 121 128]
  [106 121 128]]

 [[120 137 144]
  [120 137 144]
  [120 137 144]
  ...
  [107 120 128]
  [107 120 128]
  [107 120 128]]

 ...

 [[105 116 118]
  [105 116 118]
  [105 116 118]
  ...
  [103 109 107]
  [103 109 107]
  [103 109 107]]

 [[105 116 118]
  [105 116 118]
  [105 116 118]
  ...
  [100 106 104]
  [100 106 104]
  [101 107 105]]

 [[105 117 117]
  [105 117 117]
  [105 117 117]
  ...
  [101 107 107]
  [100 106 106]
  [100 106 106]]]
0.4073777465962156
[[[120 137 144]
  [120 137 144]
  [120 137 144]
  ...
  [107 120 128]
  [105 120 127]
  [103 118 125]]

 [[120 137 144]
  [120 137 144]
  [120 137 144]
  ...
  [108 121 129]
  [106 121 128]
  [106 121 128]]

 [[120 137 144]
  [120 137 144]
  [120 137 144]
  ...
  [107 120 128]
  [107 120 128]
  [107 120 128]]

 ...

 [[105 116 118]
  [105 116 118]
  [105 116 118]
  ...
  [103 109 107]
  [103 109 107]
  [103 109 107]]

 [[105 116 118]
  [105 116 118]
  [105 116 118]
  ...
  [100 106 104]
  [100 106 104]
  [101 107 105]]

 [[105 117 117]
  [105 117 117]
  [105 117 117]
  ...
  [101 107 107]
  [100 106 106]
  [100 106 106]]]
0.4073777465962156
[[[120 137 144]
  [120 137 144]
  [120 137 144]
  ...
  [107 120 128]
  [105 120 127]
  [103 118 125]]

 [[120 137 144]
  [120 137 144]
  [120 137 144]
  ...
  [108 121 129]
  [106 121 128]
  [106 121 128]]

 [[120 137 144]
  [120 137 144]
  [120 137 144]
  ...
  [107 120 128]
  [107 120 128]
  [107 120 128]]

 ...

 [[105 116 118]
  [105 116 118]
  [105 116 118]
  ...
  [103 109 107]
  [103 109 107]
  [103 109 107]]

 [[105 116 118]
  [105 116 118]
  [105 116 118]
  ...
  [100 106 104]
  [100 106 104]
  [101 107 105]]

 [[105 117 117]
  [105 117 117]
  [105 117 117]
  ...
  [101 107 107]
  [100 106 106]
  [100 106 106]]]
0.4073777465962156
[[[120 137 144]
  [120 137 144]
  [120 137 144]
  ...
  [107 120 128]
  [105 120 127]
  [103 118 125]]

 [[120 137 144]
  [120 137 144]
  [120 137 144]
  ...
  [108 121 129]
  [106 121 128]
  [106 121 128]]

 [[120 137 144]
  [120 137 144]
  [120 137 144]
  ...
  [107 120 128]
  [107 120 128]
  [107 120 128]]

 ...

 [[105 116 118]
  [105 116 118]
  [105 116 118]
  ...
  [103 109 107]
  [103 109 107]
  [103 109 107]]

 [[105 116 118]
  [105 116 118]
  [105 116 118]
  ...
  [100 106 104]
  [100 106 104]
  [101 107 105]]

 [[105 117 117]
  [105 117 117]
  [105 117 117]
  ...
  [101 107 107]
  [100 106 106]
  [100 106 106]]]
0.4073777465962156
[[[196 194 195]
  [194 191 194]
  [194 192 194]
  ...
  [112 111 112]
  [104 104 104]
  [121 119 120]]

 [[195 193 192]
  [192 191 191]
  [192 190 193]
  ...
  [104 104 104]
  [110 109 109]
  [129 129 129]]

 [[195 194 190]
  [193 192 189]
  [192 190 191]
  ...
  [112 113 112]
  [119 119 116]
  [136 134 134]]

 ...

 [[128 129 125]
  [110 111 108]
  [105 106 102]
  ...
  [ 96  91  86]
  [ 83  78  75]
  [ 77  76  71]]

 [[ 97  97  93]
  [ 76  77  76]
  [ 71  73  68]
  ...
  [121 120 118]
  [109 108 105]
  [108 107 103]]

 [[ 73  72  71]
  [ 59  60  59]
  [ 56  56  56]
  ...
  [140 142 136]
  [134 136 131]
  [138 139 137]]]
0.4595145255636817
[[[196 194 195]
  [194 191 194]
  [194 192 194]
  ...
  [112 111 112]
  [104 104 104]
  [121 119 120]]

 [[195 193 192]
  [192 191 191]
  [192 190 193]
  ...
  [104 104 104]
  [110 109 109]
  [129 129 129]]

 [[195 194 190]
  [193 192 189]
  [192 190 191]
  ...
  [112 113 112]
  [119 119 116]
  [136 134 134]]

 ...

 [[128 129 125]
  [110 111 108]
  [105 106 102]
  ...
  [ 96  91  86]
  [ 83  78  75]
  [ 77  76  71]]

 [[ 97  97  93]
  [ 76  77  76]
  [ 71  73  68]
  ...
  [121 120 118]
  [109 108 105]
  [108 107 103]]

 [[ 73  72  71]
  [ 59  60  59]
  [ 56  56  56]
  ...
  [140 142 136]
  [134 136 131]
  [138 139 137]]]
0.4595145255636817
